------ Varrimento 1 ------ 
Rp: 6.94009e-310 +- 6.94009e-310 Ohm
Rap: 6.94009e-310 +- 6.94009e-310 Ohm
------ Varrimento 2 ------ 
Rp: 3.93421 +- 0.00139314 Ohm
Rap: 4.02719 +- 0.00140244 Ohm
