------ Varrimento 1 ------ 
Rp: 3.93621 +- 0.00139334 Ohm
Rap: 4.02619 +- 0.00140234 Ohm
------ Varrimento 2 ------ 
Rp: 6.91715e-310 +- 6.91715e-310 Ohm
Rap: 6.91715e-310 +- 6.91715e-310 Ohm
