------ Varrimento 1 ------ 
Rp: 6.92591e-310 +- 6.92591e-310 Ohm
Rap: 6.92591e-310 +- 6.92591e-310 Ohm
------ Varrimento 2 ------ 
Rp: 3.92487 +- 0.00216965 Ohm
Rap: 4.01355 +- 0.00219616 Ohm
