------ Varrimento 1 ------ 
Rp: 6.90288e-310 +- 6.90288e-310 Ohm
Rap: 6.90288e-310 +- 6.90288e-310 Ohm
------ Varrimento 2 ------ 
Rp: 3.93721 +- 0.00139344 Ohm
Rap: 4.02719 +- 0.00140244 Ohm
