------ Varrimento 1 ------ 
Rp: 3.92188 +- 0.00216876 Ohm
Rap: 4.00857 +- 0.00219467 Ohm
------ Varrimento 2 ------ 
Rp: 6.89906e-310 +- 6.89906e-310 Ohm
Rap: 6.89906e-310 +- 6.89906e-310 Ohm
