------ Varrimento 1 ------ 
Rp: 3.92188 +- 0.00216876 Ohm
Rap: 3.9996 +- 0.00219199 Ohm
------ Varrimento 2 ------ 
Rp: 6.90933e-310 +- 6.90933e-310 Ohm
Rap: 6.90933e-310 +- 6.90933e-310 Ohm
