------ Varrimento 1 ------ 
Rp: 3.92387 +- 0.00216935 Ohm
Rap: 4.01255 +- 0.00219586 Ohm
------ Varrimento 2 ------ 
Rp: 6.91994e-310 +- 6.91994e-310 Ohm
Rap: 6.91994e-310 +- 6.91994e-310 Ohm
