Rp: 168.323 +- 0.0176662 Ohm
Rap: 176.312 +- 0.0184577 Ohm
Hc: 0.331755 +- 0.257687 Oe
Hoff: 7.36122 +- 0.257687 Oe
S (varrimento 1) (%) 0.138587 +- 0.000472055
S (varrimento 2) (%)0.135931 +- 0.000472363
