Rp: 133.503 +- 0.0142167 Ohm
Rap: 139.816 +- 0.0148421 Ohm
Hc: 1.00631 +- 0.964965 Oe
Hoff: 9.39063 +- 0.964965 Oe
S (varrimento 1) (%) 0.146562 +- 0.00160115
S (varrimento 2) (%)0.153429 +- 0.00165229
