Rp: 133.503 +- 0.0142167 Ohm
Rap: 139.816 +- 0.0148421 Ohm
Hc: 1.0479 +- 0.286034 Oe
Hoff: 9.4392 +- 0.286034 Oe
S (varrimento 1) (%) 0.142343 +- 0.000378933
S (varrimento 2) (%)0.152424 +- 0.000379376
